T2x2 =

   50.0000   44.3685   38.5151   31.9713   28.0261   25.5426   24.0212   23.1899
   50.0000   44.6318   39.8126   20.0000   20.0000   20.0000   20.0000   20.0000
   50.0000   44.3685   38.5151   31.9713   28.0261   25.5426   24.0212   23.1899
   50.0000   44.3180   38.5309   32.7766   28.7008   26.0311   24.3795   23.4747
   50.0000   44.3685   38.5151   31.9713   28.0261   25.5426   24.0212   23.1899
   50.0000   44.6318   39.8126   20.0000   20.0000   20.0000   20.0000   20.0000
   50.0000   44.3685   38.5151   31.9713   28.0261   25.5426   24.0212   23.1899


T2x1 =

   50.0000   44.4952   38.6078   32.0637   28.2451   25.7975   24.2660   23.4037
   50.0000   44.6814   39.7522   20.0000   20.0000   20.0000   20.0000   20.0000
   50.0000   44.7591   40.0773   20.0000   20.0000   20.0000   20.0000   20.0000
   50.0000   44.6814   39.7522   20.0000   20.0000   20.0000   20.0000   20.0000
   50.0000   44.4952   38.6078   32.0637   28.2451   25.7975   24.2660   23.4037
   50.0000   44.4155   38.6198   32.7981   28.8155   26.2052   24.5667   23.6437
   50.0000   44.3946   38.6389   33.0209   29.0041   26.3426   24.6684   23.7248
   50.0000   44.4155   38.6198   32.7981   28.8155   26.2052   24.5667   23.6437
   50.0000   44.4952   38.6078   32.0637   28.2451   25.7975   24.2660   23.4037
   50.0000   44.6814   39.7522   20.0000   20.0000   20.0000   20.0000   20.0000
   50.0000   44.7591   40.0773   20.0000   20.0000   20.0000   20.0000   20.0000
   50.0000   44.6814   39.7522   20.0000   20.0000   20.0000   20.0000   20.0000
   50.0000   44.4952   38.6078   32.0637   28.2451   25.7975   24.2660   23.4037


T1x2 =

   50.0000   47.1034   44.1916   41.2317   38.1335   34.1935   31.3001   29.0795   27.3431   25.9786   24.9100   24.0820   23.4532   22.9925   22.6775
   50.0000   47.1925   44.4379   41.8293   39.5750   20.0000   20.0000   20.0000   20.0000   20.0000   20.0000   20.0000   20.0000   20.0000   20.0000
   50.0000   47.1034   44.1916   41.2317   38.1335   34.1935   31.3001   29.0795   27.3431   25.9786   24.9100   24.0820   23.4532   22.9925   22.6775
   50.0000   47.0652   44.1078   41.1006   38.0158   34.8612   32.1024   29.8192   27.9746   26.5044   25.3459   24.4458   23.7615   23.2598   22.9167
   50.0000   47.1034   44.1916   41.2317   38.1335   34.1935   31.3001   29.0795   27.3431   25.9786   24.9100   24.0820   23.4532   22.9925   22.6775
   50.0000   47.1925   44.4379   41.8293   39.5750   20.0000   20.0000   20.0000   20.0000   20.0000   20.0000   20.0000   20.0000   20.0000   20.0000
   50.0000   47.1034   44.1916   41.2317   38.1335   34.1935   31.3001   29.0795   27.3431   25.9786   24.9100   24.0820   23.4532   22.9925   22.6775


T1x1 =

   50.0000   47.1710   44.3265   41.4152   38.2230   34.1604   31.3714   29.2382   27.5523   26.2117   25.1502   24.3186   23.6797   23.2047   22.8726
   50.0000   47.2332   44.5020   41.8742   39.5410   20.0000   20.0000   20.0000   20.0000   20.0000   20.0000   20.0000   20.0000   20.0000   20.0000
   50.0000   47.2604   44.5765   42.0449   39.8625   20.0000   20.0000   20.0000   20.0000   20.0000   20.0000   20.0000   20.0000   20.0000   20.0000
   50.0000   47.2332   44.5020   41.8742   39.5410   20.0000   20.0000   20.0000   20.0000   20.0000   20.0000   20.0000   20.0000   20.0000   20.0000
   50.0000   47.1710   44.3265   41.4152   38.2230   34.1604   31.3714   29.2382   27.5523   26.2117   25.1502   24.3186   23.6797   23.2047   22.8726
   50.0000   47.1240   44.2164   41.2310   38.1015   34.8446   32.1003   29.8721   28.0806   26.6487   25.5130   24.6231   23.9391   23.4307   23.0752
   50.0000   47.1078   44.1825   41.1877   38.1045   35.0274   32.3243   30.0791   28.2571   26.7959   25.6356   24.7260   24.0269   23.5071   23.1437
   50.0000   47.1240   44.2164   41.2310   38.1015   34.8446   32.1003   29.8721   28.0806   26.6487   25.5130   24.6231   23.9391   23.4307   23.0752
   50.0000   47.1710   44.3265   41.4152   38.2230   34.1604   31.3714   29.2382   27.5523   26.2117   25.1502   24.3186   23.6797   23.2047   22.8726
   50.0000   47.2332   44.5020   41.8742   39.5410   20.0000   20.0000   20.0000   20.0000   20.0000   20.0000   20.0000   20.0000   20.0000   20.0000
   50.0000   47.2604   44.5765   42.0449   39.8625   20.0000   20.0000   20.0000   20.0000   20.0000   20.0000   20.0000   20.0000   20.0000   20.0000
   50.0000   47.2332   44.5020   41.8742   39.5410   20.0000   20.0000   20.0000   20.0000   20.0000   20.0000   20.0000   20.0000   20.0000   20.0000
   50.0000   47.1710   44.3265   41.4152   38.2230   34.1604   31.3714   29.2382   27.5523   26.2117   25.1502   24.3186   23.6797   23.2047   22.8726


Qf =

   12.0812


Ee =

    0.3624


Ef =

    0.3191


Qt =

   26.3843